# x_m y_m
0.545578050450042,0.200851365668519
0.545797151953848,0.199790701530124
0.546011670223794,0.198731803765461
0.546221652015841,0.197674652690547
0.546427144085953,0.196619228621405
0.546628193190090,0.195565511874052
0.546824846084215,0.194513482764509
0.547017149524288,0.193463121608795
0.547205150266272,0.192414408722931
0.547388895066129,0.191367324422935
0.547568430679819,0.190321849024828
0.547743803863306,0.189277962844628
0.547915061372550,0.188235646198357
0.548082249963514,0.187194879402033
0.548245416392158,0.186155642771676
0.548404607414445,0.185117916623307
0.548559869786337,0.184081681272943
0.548711250263795,0.183046917036606
0.548858795602782,0.182013604230315
0.549002552559257,0.180981723170089
0.549142567889185,0.179951254171949
0.549278888348525,0.178922177551913
0.549411560693240,0.177894473626002
0.549540631679292,0.176868122710236
0.549666148062643,0.175843105120634
0.549788156599253,0.174819401173215
0.549906704045085,0.173796991183999
0.550021837156101,0.172775855469007
0.550133602688262,0.171755974344257
0.550242047397530,0.170737328125770
0.550347218039867,0.169719897129565
0.550449161371234,0.168703661671661
0.550547924147593,0.167688602068079
0.550643553124907,0.166674698634838
0.550736095059136,0.165661931687958
0.550825596706242,0.164650281543459
0.550912104822187,0.163639728517359
0.550995666162934,0.162630252925680
0.551076327484442,0.161621835084440
0.551154135542675,0.160614455309659
0.551229137093595,0.159608093917358
0.551301378893161,0.158602731223554
0.551370907697338,0.157598347544269
0.551437770262085,0.156594923195522
0.551502013343366,0.155592438493333
0.551563683697141,0.154590873753721
0.551622828079372,0.153590209292706
0.551679493246022,0.152590425426308
0.551733725953052,0.151591502470546
0.551785572956423,0.150593420741440
0.551835081012097,0.149596160555010
0.551882296876036,0.148599702227275
0.551927267304203,0.147604026074256
0.551970039052557,0.146609112411971
0.552010658877062,0.145614941556441
0.552049173533679,0.144621493823684
0.552085629778370,0.143628749529722
0.552120074367095,0.142636688990573
0.552152554055818,0.141645292522257
0.552183115600500,0.140654540440795
0.552211805757103,0.139664413062204
0.552238671281588,0.138674890702506
0.552263758929917,0.137685953677720
0.552287115458051,0.136697582303866
0.552308787621953,0.135709756896963
0.552328822177585,0.134722457773031
0.552347265880907,0.133735665248089
0.552364165487882,0.132749359638158
0.552379567754472,0.131763521259257
0.552393519436637,0.130778130427405
0.552406067290341,0.129793167458623
0.552417258071544,0.128808612668930
0.552427138536208,0.127824446374346
0.552435755440296,0.126840648890890
0.552443155539768,0.125857200534582
0.552449385590587,0.124874081621442
0.552454492348714,0.123891272467490
0.552458522570111,0.122908753388745
0.552461523010740,0.121926504701226
0.552463540426563,0.120944506720954
0.552464621573540,0.119962739763949
0.552464813207634,0.118981184146229
0.552464162084807,0.117999820183814
0.552462714961020,0.117018628192726
0.552460518592236,0.116037588488981
0.552457619734415,0.115056681388602
0.552454065143520,0.114075887207607
0.552449901575512,0.113095186262016
0.552445175786353,0.112114558867848
0.552439934532004,0.111133985341124
0.552434224568429,0.110153445997863
0.552428092651587,0.109172921154085
0.552421585537441,0.108192391125809
0.552414749981953,0.107211836229055
0.552407632741084,0.106231236779843
0.552400280570797,0.105250573094192
0.552392740227052,0.104269825488122
0.552385058465812,0.103288974277654
0.552377282043038,0.102307999778805
0.552369457714692,0.101326882307597
0.552361632236736,0.100345602180049
0.552353852365131,0.099364139712180
0.552346164855840,0.098382475220011
0.552338616464823,0.097400589019560
0.552331253948043,0.096418461426848
0.552324124061462,0.095436072757894
0.552317273561040,0.094453403328719
0.552310749202741,0.093470433455341
0.552304597742525,0.092487143453780
0.552298865936354,0.091503513640056
0.552293600540190,0.090519524330189
0.552288848309996,0.089535155840198
0.552284656001731,0.088550388486103
0.552281070371359,0.087565202583924
0.552278138174841,0.086579578449681
0.552275906168138,0.085593496399392
0.552274421107213,0.084606936749078
0.552273729748027,0.083619879814759
0.552273878846542,0.082632305912454
0.552274915158720,0.081644195358183
0.552276885440521,0.080655528467965
0.552279836447909,0.079666285557820
0.552283814936845,0.078676446943768
0.552288867663290,0.077685992941829
0.552295041383207,0.076694903868022
0.552302382852556,0.075703160038367
0.552310938827300,0.074710741768883
0.552320756063400,0.073717629375591
0.552331881316819,0.072723803174510
0.552344361343517,0.071729243481659
0.552358242899457,0.070733930613059
0.552373572740601,0.069737844884729
0.552390397622909,0.068740966612688
0.552408764302345,0.067743276112957
0.552428719534868,0.066744753701555
0.552450310076443,0.065745379694502
0.552473582683029,0.064745134407817
0.552498584110588,0.063743998157520
0.552525361115084,0.062741951259631
0.552553960452476,0.061738974030169
0.552584428878727,0.060735046785155
0.552616813149799,0.059730149840607
0.552651160021653,0.058724263512546
0.552687516250252,0.057717368116991
0.552725928591556,0.056709443969962
0.552766423338551,0.055700479110078
0.552808944932313,0.054690492466353
0.552853417350944,0.053679510690403
0.552899764572544,0.052667560433842
0.552947910575212,0.051654668348284
0.552997779337049,0.050640861085344
0.553049294836156,0.049626165296636
0.553102381050633,0.048610607633774
0.553156961958580,0.047594214748373
0.553212961538097,0.046577013292048
0.553270303767286,0.045559029916412
0.553328912624245,0.044540291273081
0.553388712087076,0.043520824013668
0.553449626133879,0.042500654789788
0.553511578742754,0.041479810253055
0.553574493891801,0.040458317055084
0.553638295559121,0.039436201847490
0.553702907722814,0.038413491281886
0.553768254360981,0.037390212009887
0.553834259451722,0.036366390683108
0.553900846973136,0.035342053953163
0.553967940903325,0.034317228471666
0.554035465220389,0.033291940890232
0.554103343902428,0.032266217860475
0.554171500927543,0.031240086034010
0.554239860273833,0.030213572062450
0.554308345919399,0.029186702597412
0.554376881842341,0.028159504290507
0.554445392020761,0.027132003793353
0.554513800432757,0.026104227757562
0.554582031056431,0.025076202834749
0.554650007869882,0.024047955676528
0.554717654851212,0.023019512934515
0.554784895978520,0.021990901260323
0.554851655229907,0.020962147305566
0.554917856583472,0.019933277721860
0.554983424017317,0.018904319160819
0.555048281509542,0.017875298274056
0.555112353038247,0.016846241713187
0.555175562581532,0.015817176129826
0.555237834117498,0.014788128175587
0.555299091624245,0.013759124502085
0.555359259079873,0.012730191760934
0.555418260462483,0.011701356603749
0.555476019750175,0.010672645682143
0.555532460921049,0.009644085647732
0.555587507953206,0.008615703152130
0.555641084824746,0.007587524846951
0.555693115513769,0.006559577383809
0.555743523998375,0.005531887414320
0.555792234256666,0.004504481590097
0.555839170266741,0.003477386562755
0.555884256006701,0.002450628983909
0.555927415454645,0.001424235505172
0.555968572588675,0.000398232778159
0.556007651386891,-0.000627352545515
0.556044575827392,-0.001652493814237
0.556079269888280,-0.002677164376390
0.556111657547654,-0.003701337580362
0.556141662783615,-0.004724986774538
0.556169209574264,-0.005748085307303
0.556194221897700,-0.006770606527043
0.556216623732024,-0.007792523782144
0.556236339055336,-0.008813810420990
0.556253291845737,-0.009834439791969
0.556267406081326,-0.010854385243464
0.556278605740205,-0.011873620123863
0.556286814800474,-0.012892117781549
0.556291957240232,-0.013909851564910
0.556293957037581,-0.014926794822330
0.556292738170620,-0.015942920902196
0.556288224617450,-0.016958203152892
0.556280340356171,-0.017972614922805
0.556269009364883,-0.018986129560319
0.556254155621688,-0.019998720413821
0.556235703104685,-0.021010360831696
0.556213575791974,-0.022021024162330
0.556187697661656,-0.023030683754108
0.556157992691831,-0.024039312955415
0.556124384860599,-0.025046885114638
0.556086798146062,-0.026053373580162
0.556045156526319,-0.027058751700373
0.555999383979470,-0.028062992823656
0.555949404483616,-0.029066070298396
0.555895142016857,-0.030067957472980
0.555836520557293,-0.031068627695793
0.555773464083026,-0.032068054315220
0.555705896572154,-0.033066210679647
0.555633742002779,-0.034063070137460
0.555556924353001,-0.035058606037044
0.555475367600919,-0.036052791726784
0.555388995724636,-0.037045600555067
0.555297732702250,-0.038037005870279
0.555201502511862,-0.039026981020803
0.555100229131572,-0.040015499355027
0.554993836539482,-0.041002534221335
0.554882248713690,-0.041988058968114
0.554765389632297,-0.042972046943749
0.554643183273405,-0.043954471496625
0.554515553615113,-0.044935305975128
0.554382424635520,-0.045914523727644
0.554243720312729,-0.046892098102557
0.554099364624839,-0.047868002448255
0.553949281549950,-0.048842210113122
0.553793395066163,-0.049814694445544
0.553631629151577,-0.050785428793906
0.553463907784295,-0.051754386506595
0.553290154942414,-0.052721540931995
0.553110294604037,-0.053686865418493
0.552924250747264,-0.054650333314473
0.552731947350193,-0.055611917968322
0.552533308390927,-0.056571592728424
0.552328257847566,-0.057529330943167
0.552116719698209,-0.058485105960934
0.551898617920956,-0.059438891130113
0.551673876493910,-0.060390659799087
0.551442419395169,-0.061340385316244
0.551204170602833,-0.062288041029968
0.550959054095005,-0.063233600288645
0.550706993849782,-0.064177036440661
0.550447913845267,-0.065118322834400
0.550181738059559,-0.066057432818250
0.549908390470759,-0.066994339740596
0.549627795056966,-0.067929016949822
0.549339875796283,-0.068861437794315
0.549044556666807,-0.069791575622459
0.548741761646640,-0.070719403782642
0.548431414713883,-0.071644895623248
0.548113439846635,-0.072568024492663
0.547787761022998,-0.073488763739272
0.547454302221070,-0.074407086711462
0.547112987418953,-0.075322966757617
0.546763740594747,-0.076236377226123
0.546406485726552,-0.077147291465366
0.546041146792469,-0.078055682823732
0.545667647770597,-0.078961524649605
0.545285912639038,-0.079864790291372
0.544895865375892,-0.080765453097418
0.544497429959258,-0.081663486416129
0.544090530367237,-0.082558863595890
0.543675090577930,-0.083451557985087
0.543251034569437,-0.084341542932105
0.542818286319858,-0.085228791785331
0.542376790320232,-0.086113253853201
0.541926573113352,-0.086994782284363
0.541467681754950,-0.087873206187514
0.541000163300756,-0.088748354671353
0.540524064806502,-0.089620056844580
0.540039433327919,-0.090488141815892
0.539546315920740,-0.091352438693988
0.539044759640695,-0.092212776587566
0.538534811543516,-0.093068984605326
0.538016518684934,-0.093920891855965
0.537489928120680,-0.094768327448183
0.536955086906487,-0.095611120490677
0.536412042098084,-0.096449100092147
0.535860840751205,-0.097282095361291
0.535301529921579,-0.098109935406808
0.534734156664939,-0.098932449337396
0.534158768037017,-0.099749466261753
0.533575411093542,-0.100560815288579
0.532984132890247,-0.101366325526571
0.532384980482864,-0.102165826084429
0.531778000927123,-0.102959146070851
0.531163241278756,-0.103746114594536
0.530540748593494,-0.104526560764181
0.529910569927069,-0.105300313688486
0.529272752335213,-0.106067202476150
0.528627342873656,-0.106827056235870
0.527974388598130,-0.107579704076346
0.527313936564366,-0.108324975106275
0.526646033828096,-0.109062698434358
0.525970727445052,-0.109792703169291
0.525288064470963,-0.110514818419774
0.524598091961563,-0.111228873294505
0.523900856972583,-0.111934696902183
0.523196406559753,-0.112632118351506
0.522484787778805,-0.113320966751173
0.521766047685471,-0.114001071209883
0.521040233335482,-0.114672260836334
0.520307391784569,-0.115334364739224
0.519567570088465,-0.115987212027252
0.518820815302899,-0.116630631809118
0.518067174483604,-0.117264453193518
0.517306694686312,-0.117888505289153
0.516539422966752,-0.118502617204720
0.515765406380657,-0.119106618048918
0.514984691983759,-0.119700336930446
0.514197326831788,-0.120283602958001
0.513403357980477,-0.120856245240284
0.512602832485555,-0.121418092885992
0.511795797402756,-0.121968975003823
0.510982299787810,-0.122508720702477
0.510162386696449,-0.123037159090653
0.509336105184403,-0.123554119277047
0.508503502307405,-0.124059430370360
0.507664625121186,-0.124552921479290
0.506819520681477,-0.125034421712535
0.505968236044010,-0.125503760178793
0.505110818264516,-0.125960765986764
0.504247314398727,-0.126405268245147
0.503377771502373,-0.126837096062638
0.502502236631187,-0.127256078547938
0.501620756840899,-0.127662044809744
0.500733379187241,-0.128054823956756
0.499840150725945,-0.128434245097672
0.498941118512742,-0.128800137341189
0.498036329603363,-0.129152329796008
0.497125831053539,-0.129490651570827
0.496209669919003,-0.129814931774343
0.495287893255486,-0.130124999515256
0.494360548118718,-0.130420683902265
0.493427681564432,-0.130701814044067
0.492489340648358,-0.130968219049361
0.491545572426228,-0.131219728026847
0.490596451450247,-0.131456227959831
0.489642162258509,-0.131677837330062
0.488682916885583,-0.131884732493897
0.487718927366036,-0.132077089807692
0.486750405734437,-0.132255085627805
0.485777564025353,-0.132418896310592
0.484800614273352,-0.132568698212410
0.483819768513003,-0.132704667689617
0.482835238778873,-0.132826981098570
0.481847237105530,-0.132935814795625
0.480855975527543,-0.133031345137139
0.479861666079480,-0.133113748479470
0.478864520795907,-0.133183201178975
0.477864751711394,-0.133239879592009
0.476862570860508,-0.133283960074932
0.475858190277817,-0.133315618984098
0.474851821997889,-0.133335032675867
0.473843678055293,-0.133342377506593
0.472833970484596,-0.133337829832635
0.471822911320366,-0.133321566010350
0.470810712597171,-0.133293762396094
0.469797586349579,-0.133254595346224
0.468783744612158,-0.133204241217098
0.467769399419477,-0.133142876365072
0.466754762806102,-0.133070677146504
0.465740046806603,-0.132987819917750
0.464725463455546,-0.132894481035168
0.463711224787501,-0.132790836855114
0.462697542837034,-0.132677063733945
0.461684629638715,-0.132553338028019
0.460672697227110,-0.132419836093692
0.459661957636789,-0.132276734287321
0.458652622902318,-0.132124208965264
0.457644905058266,-0.131962436483878
0.456639016139202,-0.131791593199518
0.455635168179691,-0.131611855468544
0.454633573214304,-0.131423356546781
0.453634443277608,-0.131226057287940
0.452637990404170,-0.131019875445203
0.451644426628559,-0.130804728771750
0.450653963985343,-0.130580535020761
0.449666814509090,-0.130347211945419
0.448683190234367,-0.130104677298903
0.447703303195744,-0.129852848834394
0.446727365427786,-0.129591644305074
0.445755588965064,-0.129320981464124
0.444788185842144,-0.129040778064724
0.443825368093595,-0.128750951860055
0.442867347753984,-0.128451420603297
0.441914336857880,-0.128142102047633
0.440966547439851,-0.127822913946243
0.440024191534464,-0.127493774052307
0.439087481176287,-0.127154600119006
0.438156628399890,-0.126805309899522
0.437231845239838,-0.126445821147036
0.436313343730701,-0.126076051614727
0.435401335907047,-0.125695919055778
0.434496033803443,-0.125305341223368
0.433597649454457,-0.124904235870680
0.432706394894658,-0.124492520750893
0.431822482158614,-0.124070113617189
0.430946123280891,-0.123636932222748
0.430077530296059,-0.123192894320751
0.429216915238685,-0.122737917664380
0.428364490143338,-0.122271920006815
0.427520467044585,-0.121794819101237
0.426685057976994,-0.121306532700827
0.425858474975133,-0.120806978558766
0.425040930073571,-0.120296074428234
0.424232635306875,-0.119773738062413
0.423433802709613,-0.119239887214483
0.422644644316353,-0.118694439637626
0.421865333034955,-0.118137350078270
0.421095885266443,-0.117568721255836
0.420336278285136,-0.116988692882993
0.419586489365349,-0.116397404672410
0.418846495781399,-0.115794996336755
0.418116274807602,-0.115181607588698
0.417395803718277,-0.114557378140908
0.416685059787739,-0.113922447706053
0.415984020290305,-0.113276955996802
0.415292662500292,-0.112621042725824
0.414610963692016,-0.111954847605788
0.413938901139795,-0.111278510349363
0.413276452117945,-0.110592170669217
0.412623593900783,-0.109895968278020
0.411980303762626,-0.109190042888441
0.411346558977790,-0.108474534213148
0.410722336820592,-0.107749581964810
0.410107614565349,-0.107015325856096
0.409502369486377,-0.106271905599675
0.408906578857994,-0.105519460908216
0.408320219954516,-0.104758131494388
0.407743270050260,-0.103988057070859
0.407175706419543,-0.103209377350299
0.406617506336680,-0.102422232045376
0.406068647075990,-0.101626760868759
0.405529105911789,-0.100823103533118
0.404998860118393,-0.100011399751120
0.404477886970120,-0.099191789235435
0.403966163741286,-0.098364411698732
0.403463667706208,-0.097529406853679
0.402970376139202,-0.096686914412946
0.402486266314586,-0.095837074089201
0.402011315506675,-0.094980025595113
0.401545500989788,-0.094115908643351
0.401088800038240,-0.093244862946584
0.400641189926349,-0.092367028217481
0.400202647928430,-0.091482544168711
0.399773151318801,-0.090591550512942
0.399352677371779,-0.089694186962844
0.398941203361681,-0.088790593231085
0.398538706562822,-0.087880909030334
0.398145164249520,-0.086965274073261
0.397760553696092,-0.086043828072533
0.397384852176854,-0.085116710740820
0.397018036966123,-0.084184061790791
0.396660085338216,-0.083246020935114
0.396310974567449,-0.082302727886459
0.395970681928140,-0.081354322357494
0.395639184694605,-0.080400944060888
0.395316460141161,-0.079442732709310
0.395002485542124,-0.078479828015429
0.394697238171811,-0.077512369691914
0.394400695304540,-0.076540497451434
0.394112834214626,-0.075564351006657
0.393833632176387,-0.074584070070253
0.393563066464139,-0.073599794354890
0.393301114352199,-0.072611663573237
0.393047753114884,-0.071619817437963
0.392802960026511,-0.070624395661737
0.392566712361395,-0.069625537957228
0.392338987393855,-0.068623384037104
0.392119762398207,-0.067618073614035
0.391909014648767,-0.066609746400690
0.391706721419852,-0.065598542109737
0.391512859985780,-0.064584600453845
0.391327407620866,-0.063568061145683
0.391150341599427,-0.062549063897920
0.390981639195781,-0.061527748423224
0.390821277684244,-0.060504254434266
0.390669234339133,-0.059478721643713
0.390525486434764,-0.058451289764234
0.390390011245454,-0.057422098508499
0.390262786045521,-0.056391287589175
0.390143788109280,-0.055358996718933
0.390032994711049,-0.054325365610441
0.389930383125144,-0.053290533976368
0.389835930625882,-0.052254641529382
0.389749614487579,-0.051217827982153
0.389671411984554,-0.050180233047349
0.389601300391121,-0.049141996437639
0.389539256981598,-0.048103257865693
0.389485259030302,-0.047064157044178
0.389439283811550,-0.046024833685765
0.389401308599658,-0.044985427503121
0.389371310668943,-0.043946078208916
0.389349267293721,-0.042906925515819
0.389335155748310,-0.041868109136498
0.389328953307026,-0.040829768783622
0.389330637244186,-0.039792044169860
0.389340184834107,-0.038755075007882
0.389357573351106,-0.037719001010355
0.389382780069498,-0.036683961889949
0.389415782263602,-0.035650097359333
0.389456557207733,-0.034617547131175
0.389505082176209,-0.033586450918145
0.389561334443346,-0.032556948432910
0.389625291283460,-0.031529179388142
0.389696929970870,-0.030503283496507
0.389776227779891,-0.029479400470675
0.389863161984840,-0.028457670023314
0.389957709860034,-0.027438231867095
0.390059848679790,-0.026421225714685
0.390169555718424,-0.025406791278753
0.390286808250253,-0.024395068271969
0.390411583549595,-0.023386196407001
0.390543858890765,-0.022380315396517
0.390683611548080,-0.021377564953188
0.390830818795858,-0.020378084789682
0.390985457908414,-0.019382014618666
0.391147506160067,-0.018389494152812
0.391316940825131,-0.017400663104787
0.391493739177925,-0.016415661187260
0.391677878492765,-0.015434628112901
0.391869336043967,-0.014457703594377
0.392068089105849,-0.013485027344359
0.392274114952727,-0.012516739075514
0.392487390858918,-0.011552978500511
0.392707894098738,-0.010593885332020
0.392935601946505,-0.009639599282710
0.393170491676535,-0.008690260065249
0.393412540563145,-0.007746007392306
0.393661725880652,-0.006806980976550
0.393918024903372,-0.005873320530650
0.394181414905622,-0.004945165767275
0.394451873161719,-0.004022656399093
0.394729376945979,-0.003105932138774
0.395013903532720,-0.002195132698986
0.395305430196258,-0.001290397792398
0.395603934210911,-0.000391867131680
0.395909392850993,0.000500319570501
0.396221783390823,0.001386022601474
0.396541083104717,0.002265102248572
0.396867269266992,0.003137418799125
0.397200319151965,0.004002832540465
0.397540210033952,0.004861203759922
0.397886919187270,0.005712392744828
0.398240423886236,0.006556259782514
0.398600701405167,0.007392665160311
0.398967729018379,0.008221469165550
0.399341484000189,0.009042532085562
0.399721943624914,0.009855714207679
0.400109085166870,0.010660875819231
0.400502885900375,0.011457877207550
